4294967278,36
4294967278,35
4294967278,34
4294967278,33
4294967278,32
4294967278,31
4294967278,30
4294967278,29
4294967278,28
4294967278,27
4294967278,26
4294967278,25
4294967278,24
4294967278,23
4294967278,22
4294967278,21
4294967279,22
4294967279,21
4294967279,18
4294967279,17
4294967279,16
4294967279,14
4294967279,13
4294967294,427
4294967294,92
4294967294,88
4294967278,132
4294967278,131
4294967278,130
4294967278,129
4294967278,128
4294967278,127
4294967278,126
4294967278,125
4294967278,124
4294967278,123
4294967278,122
4294967278,121
4294967278,120
4294967278,119
4294967278,118
4294967278,117
4294967278,116
4294967278,115
4294967278,114
4294967278,113
4294967278,112
4294967278,111
4294967278,110
4294967278,109
4294967278,108
4294967278,107
4294967278,106
4294967278,105
4294967278,104
4294967278,103
4294967278,102
4294967278,101
4294967278,100
4294967278,99
4294967278,98
4294967278,97
4294967278,96
4294967278,95
4294967278,94
4294967278,93
4294967278,92
4294967278,91
4294967278,90
4294967278,89
4294967278,87
4294967278,86
4294967278,85
4294967278,84
4294967278,83
4294967278,82
4294967278,81
4294967278,80
4294967278,79
4294967278,78
4294967278,77
4294967278,76
4294967278,75
4294967278,74
4294967278,73
4294967278,72
4294967278,71
4294967278,70
4294967278,69
4294967278,68
4294967278,67
4294967278,66
4294967278,65
4294967278,64
4294967278,63
4294967278,62
4294967278,61
4294967278,60
4294967278,59
4294967278,58
4294967278,57
4294967278,56
4294967278,55
4294967278,54
4294967278,53
4294967278,52
4294967278,51
4294967278,50
4294967278,49
4294967278,48
4294967278,47
4294967278,46
4294967278,45
4294967278,43
4294967278,42
4294967278,41
4294967278,40
4294967278,38
4294967278,37
4294967278,282
4294967279,12
4294967279,11
4294967279,10
4294967279,9
4294967279,6
4294967279,5
4294967279,4
4294967294,18
4294967294,20
4294967294,13
4294967278,159
4294967294,50
4294967294,972
4294967294,965
4294967294,964
4294967294,963
4294967294,962
4294967294,921
4294967294,919
4294967294,918
4294967294,915
4294967294,914
4294967294,913
4294967294,909
4294967294,904
4294967294,903
4294967294,170
4294967278,158
4294967294,387
4294967294,167
4294967294,180
4294967294,160
4294967294,969
4294967294,917
4294967294,912
4294967294,906
4294967294,905
4294967294,185
4294967294,182
4294967294,106
4294967294,166
4294967294,24
4294967294,189
4294967278,292
4294967278,44
4294967294,6
4294967294,30
4294967294,946
4294967294,945
4294967294,943
4294967294,942
4294967294,937
4294967294,926
4294967294,898
4294967294,896
4294967294,438
4294967294,831
4294967294,830
4294967294,60
4294967294,81
4294967294,11
4294967294,5
4294967278,155
4294967278,154
7,4
7,3
7,2
7,1
4294967279,296
4294967278,153
4294967278,152
4294967278,151
4294967278,291
4294967278,39
4294967279,295
4294967279,294
6,6
4294967294,471
4294967294,392
4294967279,293
4294967278,290
4294967278,289
6,5
6,4
6,3
6,2
6,1
4294967279,292
4294967279,260
4294967279,0
4294967294,1419
4294967294,9
4294967294,1418
4294967294,390
4294967294,430
4294967278,288
4294967279,291
4294967279,290
5,5
5,4
5,3
5,2
5,1
4294967279,289
4294967278,287
4294967294,1417
4294967294,953
4294967279,288
4294967278,286
4294967279,133
4,5
4294967294,22
4294967278,285
4294967279,287
4294967279,20
4294967278,284
4,4
4294967279,286
4294967279,19
4,3
4,2
4,1
4294967279,285
4294967294,187
4294967294,1416
4294967294,1415
4294967294,46
4294967294,907
4294967294,83
4294967279,279
4294967279,284
4294967279,15
3,5
4294967279,283
3,4
3,3
3,2
3,1
4294967294,924
4294967294,17
4294967294,76
4294967294,41
4294967294,7
4294967279,262
0,5
4294967294,94
4294967294,93
4294967294,96
4294967294,95
2,4
4294967279,282
